AAC_A,AAC_R,AAC_N,AAC_D,AAC_C,AAC_E,AAC_Q,AAC_G,AAC_H,AAC_I,AAC_L,AAC_K,AAC_M,AAC_F,AAC_P,AAC_S,AAC_T,AAC_W,AAC_Y,AAC_V
DDE_0001,0.0642201834862385,0.0779816513761468,0.0229357798165138,0.0527522935779817,0.0229357798165138,0.0619266055045872,0.055045871559633,0.055045871559633,0.0298165137614679,0.0321100917431193,0.123853211009174,0.0619266055045872,0.018348623853211,0.0619266055045872,0.0435779816513761,0.0596330275229358,0.0711009174311927,0.00688073394495413,0.0229357798165138,0.055045871559633
DDE_0002,0.0703125,0.0442708333333333,0.0416666666666667,0.0703125,0.0130208333333333,0.0833333333333333,0.0338541666666667,0.0729166666666667,0.0130208333333333,0.0572916666666667,0.1015625,0.0546875,0.0338541666666667,0.046875,0.0364583333333333,0.0677083333333333,0.0598958333333333,0.0104166666666667,0.0416666666666667,0.046875
DDE_0003,0.0664993726474278,0.0652446675031368,0.055207026348808,0.0639899623588457,0.00501882057716437,0.0903387703889586,0.0301129234629862,0.0840652446675031,0.0213299874529486,0.0577164366373902,0.0878293601003764,0.0614805520702635,0.0213299874529486,0.0489335006273526,0.0288582183186951,0.0476787954830615,0.0476787954830615,0.00125470514429109,0.0363864491844417,0.0790464240903388
DDE_0004,0.0567200986436498,0.0875462392108508,0.0345252774352651,0.0604192355117139,0.00739827373612824,0.0863131935881628,0.0345252774352651,0.0838471023427867,0.0172626387176326,0.0665844636251541,0.0998766954377312,0.0542540073982737,0.0246609124537608,0.0295930949445129,0.0332922318125771,0.0480887792848335,0.0567200986436498,0.00246609124537608,0.0295930949445129,0.0863131935881628
DDE_0005,0.122222222222222,0.111111111111111,0.0296296296296296,0.0555555555555556,0.0185185185185185,0.0925925925925926,0.0592592592592593,0.0333333333333333,0.0259259259259259,0.0259259259259259,0.140740740740741,0.0296296296296296,0.0333333333333333,0.0148148148148148,0.0259259259259259,0.037037037037037,0.0296296296296296,0.0185185185185185,0.0518518518518519,0.0444444444444444
DDE_0009,0.117886178861789,0.0934959349593496,0.0365853658536585,0.0365853658536585,0.0121951219512195,0.0569105691056911,0.0203252032520325,0.0894308943089431,0.00813008130081301,0.024390243902439,0.117886178861789,0.032520325203252,0.032520325203252,0.0365853658536585,0.0609756097560976,0.0569105691056911,0.0203252032520325,0.032520325203252,0.0365853658536585,0.0772357723577236
DDE_0011,0.0815347721822542,0.0839328537170264,0.0215827338129496,0.052757793764988,0.0311750599520384,0.079136690647482,0.0407673860911271,0.0887290167865707,0.0143884892086331,0.0335731414868106,0.103117505995204,0.0383693045563549,0.0407673860911271,0.0407673860911271,0.0431654676258993,0.0575539568345324,0.052757793764988,0,0.026378896882494,0.0695443645083933
DDE_0012,0.0841584158415842,0.0825082508250825,0.0297029702970297,0.0693069306930693,0.00825082508250825,0.0792079207920792,0.0511551155115512,0.0643564356435644,0.0198019801980198,0.037953795379538,0.100660066006601,0.037953795379538,0.0297029702970297,0.0544554455445545,0.0511551155115512,0.0462046204620462,0.0396039603960396,0.0099009900990099,0.0297029702970297,0.0742574257425743
DDE_0013,0.0828402366863905,0.0828402366863905,0.0236686390532544,0.0946745562130177,0.029585798816568,0.0946745562130177,0.0236686390532544,0.0532544378698225,0.0177514792899408,0.0828402366863905,0.118343195266272,0.0591715976331361,0.0177514792899408,0.00591715976331361,0.029585798816568,0.0355029585798817,0.0591715976331361,0.00591715976331361,0.0236686390532544,0.0591715976331361
DDE_0014,0.13677811550152,0.0668693009118541,0.0151975683890578,0.0516717325227964,0.027355623100304,0.0668693009118541,0.027355623100304,0.0911854103343465,0.027355623100304,0.0364741641337386,0.112462006079027,0.0303951367781155,0.0364741641337386,0.0182370820668693,0.0668693009118541,0.027355623100304,0.0516717325227964,0.00911854103343465,0.0212765957446809,0.0790273556231003
DDE_0015,0.0621761658031088,0.0829015544041451,0.0466321243523316,0.0310880829015544,0.0310880829015544,0.0310880829015544,0.00518134715025907,0.0829015544041451,0.0207253886010363,0.0984455958549223,0.145077720207254,0.0310880829015544,0.0207253886010363,0.0414507772020725,0.0673575129533679,0.0518134715025907,0.0518134715025907,0.0103626943005181,0.0259067357512953,0.0621761658031088
DDE_0016,0.0947368421052632,0.0947368421052632,0.0315789473684211,0.0421052631578947,0.0210526315789474,0.0631578947368421,0.0421052631578947,0.0631578947368421,0.0105263157894737,0.0631578947368421,0.105263157894737,0.0210526315789474,0.0421052631578947,0.0210526315789474,0.105263157894737,0.0210526315789474,0.0526315789473684,0,0.0210526315789474,0.0842105263157895
DDE_0017,0.108108108108108,0.0900900900900901,0.0135135135135135,0.0472972972972973,0.0225225225225225,0.0698198198198198,0.0405405405405405,0.0675675675675676,0.0135135135135135,0.036036036036036,0.126126126126126,0.0225225225225225,0.0157657657657658,0.0157657657657658,0.0675675675675676,0.0765765765765766,0.0405405405405405,0.0225225225225225,0.0382882882882883,0.0653153153153153
DDE_0019,0.0487804878048781,0.0894308943089431,0.0487804878048781,0.0569105691056911,0.00813008130081301,0.113821138211382,0.0569105691056911,0.0569105691056911,0.016260162601626,0.040650406504065,0.0975609756097561,0.0650406504065041,0.0487804878048781,0.00813008130081301,0.0569105691056911,0.032520325203252,0.024390243902439,0,0.0569105691056911,0.0731707317073171
DDE_0020,0.12962962962963,0.0972222222222222,0.0324074074074074,0.0277777777777778,0.00925925925925926,0.0740740740740741,0.037037037037037,0.0601851851851852,0.0324074074074074,0.037037037037037,0.111111111111111,0.0138888888888889,0.0185185185185185,0.00925925925925926,0.0555555555555556,0.0185185185185185,0.134259259259259,0.0185185185185185,0.0185185185185185,0.0648148148148148
DDE_0021,0.0862619808306709,0.0702875399361022,0.0351437699680511,0.0543130990415335,0,0.0638977635782748,0.0543130990415335,0.073482428115016,0.0319488817891374,0.0638977635782748,0.105431309904153,0.0383386581469649,0.0351437699680511,0.0255591054313099,0.0255591054313099,0.0543130990415335,0.0766773162939297,0.00638977635782748,0.0159744408945687,0.0830670926517572
DDE_0022,0.05859375,0.078125,0.0234375,0.08203125,0.01171875,0.02734375,0.04296875,0.0859375,0.0390625,0.05859375,0.1640625,0.02734375,0.03515625,0.01171875,0.04296875,0.0546875,0.05859375,0.00390625,0.0234375,0.0703125
DDE_0023,0.12,0.048,0.016,0.02,0.02,0.032,0.048,0.092,0.004,0.08,0.132,0.02,0.036,0.044,0.024,0.06,0.056,0.02,0.028,0.1
DDE_0024,0.0952380952380952,0.0952380952380952,0.00952380952380952,0.0571428571428571,0,0.0761904761904762,0.0571428571428571,0.0571428571428571,0.019047619047619,0.0952380952380952,0.114285714285714,0.0285714285714286,0.019047619047619,0.019047619047619,0.00952380952380952,0.104761904761905,0.0380952380952381,0.00952380952380952,0.019047619047619,0.0761904761904762
DDE_0028,0.104651162790698,0.0668604651162791,0.0377906976744186,0.0552325581395349,0.0116279069767442,0.0581395348837209,0.0348837209302326,0.0901162790697674,0.0203488372093023,0.061046511627907,0.113372093023256,0.0319767441860465,0.0203488372093023,0.0261627906976744,0.0406976744186047,0.0494186046511628,0.0697674418604651,0.00581395348837209,0.0145348837209302,0.0872093023255814
DDE_0029,0.134426229508197,0.0688524590163934,0.0295081967213115,0.0327868852459016,0.00327868852459016,0.101639344262295,0.0524590163934426,0.0622950819672131,0.019672131147541,0.0360655737704918,0.121311475409836,0.059016393442623,0.0295081967213115,0.0163934426229508,0.0524590163934426,0.0622950819672131,0.059016393442623,0.00327868852459016,0.00983606557377049,0.0459016393442623
DDE_0030,0.0875912408759124,0.0510948905109489,0.0583941605839416,0.0583941605839416,0.0510948905109489,0.0875912408759124,0.0218978102189781,0.0437956204379562,0.0437956204379562,0.0218978102189781,0.0875912408759124,0.0656934306569343,0.0145985401459854,0.0510948905109489,0.0510948905109489,0.0291970802919708,0.0583941605839416,0.0291970802919708,0.0291970802919708,0.0583941605839416
DDE_0031,0.0733590733590734,0.0579150579150579,0.0424710424710425,0.0463320463320463,0.0193050193050193,0.0733590733590734,0.0347490347490347,0.0579150579150579,0.0115830115830116,0.0463320463320463,0.150579150579151,0.0579150579150579,0.0193050193050193,0.027027027027027,0.0501930501930502,0.0463320463320463,0.0579150579150579,0,0.0386100386100386,0.0888030888030888
DDE_0033,0.0805970149253731,0.0477611940298507,0.0597014925373134,0.0597014925373134,0.00895522388059702,0.0507462686567164,0.0238805970149254,0.0776119402985075,0.0328358208955224,0.0507462686567164,0.0835820895522388,0.0447761194029851,0.0298507462686567,0.0537313432835821,0.0567164179104478,0.0477611940298507,0.0626865671641791,0.00895522388059702,0.0507462686567164,0.0686567164179104
DDE_0036,0.105691056910569,0.0569105691056911,0.024390243902439,0.0487804878048781,0.0040650406504065,0.0853658536585366,0.0569105691056911,0.0365853658536585,0.0040650406504065,0.0934959349593496,0.101626016260163,0.0569105691056911,0.032520325203252,0.032520325203252,0.0447154471544715,0.0487804878048781,0.040650406504065,0.0040650406504065,0.0203252032520325,0.101626016260163
DDE_0037,0.130530973451327,0.0376106194690266,0.0199115044247788,0.0353982300884956,0.00442477876106195,0.0376106194690266,0.0309734513274336,0.0995575221238938,0.0199115044247788,0.0486725663716814,0.126106194690265,0.0331858407079646,0.0398230088495575,0.0331858407079646,0.0508849557522124,0.0641592920353982,0.0663716814159292,0.0132743362831858,0.0132743362831858,0.0951327433628319
DDE_0038,0.167785234899329,0.0805369127516778,0.023489932885906,0.0302013422818792,0.0134228187919463,0.0469798657718121,0.0604026845637584,0.0570469798657718,0.023489932885906,0.0369127516778524,0.0671140939597315,0.0167785234899329,0.0167785234899329,0.0302013422818792,0.11744966442953,0.0704697986577181,0.0369127516778524,0.0268456375838926,0.0201342281879195,0.0570469798657718
DDE_0039,0.132352941176471,0.0563725490196078,0.0318627450980392,0.0563725490196078,0.0220588235294118,0.0367647058823529,0.0392156862745098,0.0906862745098039,0.0196078431372549,0.0294117647058824,0.0833333333333333,0.0318627450980392,0.0392156862745098,0.0441176470588235,0.0588235294117647,0.0367647058823529,0.0833333333333333,0.0245098039215686,0.0147058823529412,0.0686274509803922
DDE_0040,0.0602409638554217,0.0481927710843374,0.0421686746987952,0.0662650602409639,0.0120481927710843,0.0481927710843374,0.0180722891566265,0.0843373493975904,0,0.0542168674698795,0.108433734939759,0.0542168674698795,0.0240963855421687,0.0542168674698795,0.0481927710843374,0.0843373493975904,0.0903614457831325,0.0180722891566265,0.0120481927710843,0.072289156626506
DDE_0042,0.0973684210526316,0.0842105263157895,0.0157894736842105,0.0578947368421053,0.0105263157894737,0.0578947368421053,0.0394736842105263,0.0894736842105263,0.0368421052631579,0.0342105263157895,0.0894736842105263,0.0210526315789474,0.0263157894736842,0.0473684210526316,0.0578947368421053,0.0578947368421053,0.0736842105263158,0.0105263157894737,0.0342105263157895,0.0578947368421053
DDE_0043,0.0864197530864197,0.0864197530864197,0.0123456790123457,0.037037037037037,0.0987654320987654,0.111111111111111,0.0246913580246914,0.0493827160493827,0,0.0493827160493827,0.0617283950617284,0.0987654320987654,0.0246913580246914,0.0246913580246914,0.0493827160493827,0.037037037037037,0.0617283950617284,0,0.0246913580246914,0.0617283950617284
DDE_0044,0.112994350282486,0.0649717514124294,0.0282485875706215,0.0508474576271186,0.0169491525423729,0.0649717514124294,0.0338983050847458,0.11864406779661,0.0141242937853107,0.0480225988700565,0.0875706214689266,0.0338983050847458,0.0367231638418079,0.0338983050847458,0.0536723163841808,0.0649717514124294,0.0310734463276836,0.00564971751412429,0.0338983050847458,0.0649717514124294
DDE_0045,0.115830115830116,0.0540540540540541,0.0424710424710425,0.0463320463320463,0.027027027027027,0.0656370656370656,0.0231660231660232,0.0965250965250965,0.0347490347490347,0.0501930501930502,0.0579150579150579,0.0424710424710425,0.0386100386100386,0.0347490347490347,0.0424710424710425,0.0347490347490347,0.0656370656370656,0.00386100386100386,0.0308880308880309,0.0926640926640927
DDE_0046,0.0983606557377049,0.0218579234972678,0.0491803278688525,0.0437158469945355,0.00546448087431694,0.0382513661202186,0.0546448087431694,0.103825136612022,0.0163934426229508,0.0710382513661202,0.087431693989071,0.0327868852459016,0.0601092896174863,0.0109289617486339,0.0437158469945355,0.087431693989071,0.0327868852459016,0,0.0382513661202186,0.103825136612022
DDE_0047,0.120743034055728,0.108359133126935,0.0123839009287926,0.043343653250774,0.0309597523219814,0.0371517027863777,0.0309597523219814,0.0681114551083591,0.043343653250774,0.0495356037151703,0.0990712074303406,0.021671826625387,0.0309597523219814,0.0247678018575851,0.0712074303405573,0.0309597523219814,0.065015479876161,0.00928792569659443,0.0371517027863777,0.065015479876161
DDE_0048,0.0766773162939297,0.0766773162939297,0.0191693290734824,0.0447284345047923,0.0319488817891374,0.0511182108626198,0.0351437699680511,0.0894568690095847,0.0415335463258786,0.0543130990415335,0.111821086261981,0.0223642172523962,0.0351437699680511,0.0255591054313099,0.0575079872204473,0.0798722044728434,0.0479233226837061,0.00958466453674121,0.00958466453674121,0.0798722044728434
DDE_0050,0.0829015544041451,0.0595854922279793,0.0233160621761658,0.0699481865284974,0.0077720207253886,0.0569948186528497,0.0181347150259067,0.106217616580311,0.0284974093264249,0.0466321243523316,0.116580310880829,0.0414507772020725,0.0233160621761658,0.0440414507772021,0.0440414507772021,0.0440414507772021,0.0699481865284974,0.0077720207253886,0.0233160621761658,0.0854922279792746
DDE_0053,0.139917695473251,0.037037037037037,0.0329218106995885,0.0246913580246914,0.00823045267489712,0.037037037037037,0.0288065843621399,0.0987654320987654,0.0123456790123457,0.037037037037037,0.11522633744856,0.0617283950617284,0.0123456790123457,0.0411522633744856,0.0493827160493827,0.0781893004115226,0.0411522633744856,0.0123456790123457,0.037037037037037,0.0946502057613169
DDE_0054,0.098703888334995,0.0707876370887338,0.032901296111665,0.0578265204386839,0.0139581256231306,0.0777666999002991,0.0299102691924227,0.0827517447657029,0.0129611166500499,0.0638085742771685,0.0757726819541376,0.0458624127617149,0.0309072781655035,0.0438683948155533,0.0568295114656032,0.0448654037886341,0.0428713858424726,0.0149551345962114,0.0338983050847458,0.0687936191425723
DDE_0056,0.116883116883117,0.051948051948052,0.038961038961039,0.051948051948052,0.0194805194805195,0.051948051948052,0.0324675324675325,0.103896103896104,0.00974025974025974,0.0779220779220779,0.0974025974025974,0.0292207792207792,0.025974025974026,0.0292207792207792,0.0551948051948052,0.0551948051948052,0.0487012987012987,0.00974025974025974,0.00974025974025974,0.0844155844155844
DDE_0057,0.0808823529411765,0.0625,0.0220588235294118,0.0477941176470588,0.0367647058823529,0.0588235294117647,0.0551470588235294,0.0882352941176471,0.0294117647058824,0.0330882352941176,0.0992647058823529,0.0404411764705882,0.0294117647058824,0.0514705882352941,0.0625,0.0367647058823529,0.0514705882352941,0.0294117647058824,0.0183823529411765,0.0661764705882353
DDE_0058,0.0866261398176292,0.0942249240121581,0.0243161094224924,0.0501519756838906,0.013677811550152,0.0577507598784195,0.033434650455927,0.0805471124620061,0.0227963525835866,0.027355623100304,0.110942249240122,0.0455927051671733,0.027355623100304,0.0364741641337386,0.0805471124620061,0.0562310030395137,0.0364741641337386,0.0227963525835866,0.0212765957446809,0.0714285714285714
DDE_0059,0.172757475083056,0.079734219269103,0.0199335548172757,0.0598006644518272,0.0166112956810631,0.053156146179402,0.0365448504983389,0.0897009966777409,0.0398671096345515,0.0132890365448505,0.119601328903654,0.0132890365448505,0.0365448504983389,0.0332225913621262,0.026578073089701,0.053156146179402,0.0365448504983389,0.0199335548172757,0.0199335548172757,0.0598006644518272
DDE_0060,0.0666666666666667,0.0424242424242424,0.0484848484848485,0.0484848484848485,0.0121212121212121,0.127272727272727,0.0424242424242424,0.0181818181818182,0.0181818181818182,0.0363636363636364,0.0848484848484849,0.0666666666666667,0.0545454545454545,0.0727272727272727,0.00606060606060606,0.0787878787878788,0.0606060606060606,0.0242424242424242,0.0181818181818182,0.0727272727272727
DDE_0062,0.0747252747252747,0.0989010989010989,0.0307692307692308,0.0681318681318681,0.00659340659340659,0.0703296703296703,0.0175824175824176,0.0659340659340659,0.0197802197802198,0.0483516483516484,0.0989010989010989,0.0593406593406593,0.0241758241758242,0.043956043956044,0.0527472527472527,0.0483516483516484,0.0571428571428571,0,0.0241758241758242,0.0901098901098901
DDE_0063,0.0985626283367557,0.0903490759753593,0.0349075975359343,0.0759753593429158,0.0082135523613963,0.0328542094455852,0.0369609856262834,0.0759753593429158,0.0246406570841889,0.0595482546201232,0.0862422997946612,0.0287474332648871,0.0287474332648871,0.0451745379876797,0.053388090349076,0.0574948665297741,0.0574948665297741,0.00616016427104723,0.0328542094455852,0.0657084188911704
DDE_0064,0.096085409252669,0.0818505338078292,0.0249110320284698,0.0462633451957295,0.00711743772241993,0.0533807829181495,0.0391459074733096,0.0818505338078292,0.0213523131672598,0.0284697508896797,0.106761565836299,0.0355871886120996,0.00711743772241993,0.0676156583629893,0.0604982206405694,0.0604982206405694,0.0569395017793594,0.0106761565836299,0.0320284697508897,0.0818505338078292
DDE_0065,0.0944625407166124,0.0521172638436482,0.0325732899022801,0.0488599348534202,0.00651465798045603,0.0684039087947883,0.0325732899022801,0.0912052117263844,0.0293159609120521,0.0553745928338762,0.0846905537459283,0.0456026058631922,0.0228013029315961,0.0390879478827362,0.0293159609120521,0.0390879478827362,0.0781758957654723,0.0162866449511401,0.0390879478827362,0.0944625407166124
DDE_0066,0.131715771230503,0.072790294627383,0.024263431542461,0.0467937608318891,0.0138648180242634,0.0693240901213172,0.0554592720970537,0.0797227036395147,0.0173310225303293,0.0329289428076256,0.107452339688042,0.0329289428076256,0.0259965337954939,0.0311958405545927,0.0675909878682842,0.0519930675909879,0.0519930675909879,0.0103986135181976,0.0138648180242634,0.0623916811091854
DDE_0067,0.0776699029126214,0.0485436893203883,0.00970873786407767,0.0679611650485437,0,0.0776699029126214,0.087378640776699,0.106796116504854,0,0.0485436893203883,0.106796116504854,0.0679611650485437,0.106796116504854,0,0.029126213592233,0.0388349514563107,0.0388349514563107,0,0,0.087378640776699
DDE_0068,0.0788177339901478,0.103448275862069,0.0246305418719212,0.0591133004926108,0.0246305418719212,0.0738916256157636,0.0394088669950739,0.0788177339901478,0.00492610837438424,0.0394088669950739,0.167487684729064,0.0295566502463054,0.0295566502463054,0.0197044334975369,0.0492610837438424,0.0492610837438424,0.0591133004926108,0.00985221674876847,0.0147783251231527,0.0443349753694581
DDE_0070,0.112412177985948,0.0655737704918033,0.0210772833723653,0.0281030444964871,0.00702576112412178,0.0281030444964871,0.0257611241217799,0.107728337236534,0.0210772833723653,0.0187353629976581,0.168618266978923,0.00936768149882904,0.0210772833723653,0.0655737704918033,0.0515222482435597,0.0515222482435597,0.0679156908665105,0.0163934426229508,0.0234192037470726,0.0889929742388759
DDE_0071,0.0575539568345324,0.0935251798561151,0.0215827338129496,0.100719424460432,0.00719424460431655,0.0287769784172662,0.0359712230215827,0.0863309352517986,0.0215827338129496,0.0935251798561151,0.107913669064748,0.0215827338129496,0.0359712230215827,0.00719424460431655,0.0647482014388489,0.0647482014388489,0.0575539568345324,0.00719424460431655,0.00719424460431655,0.079136690647482
DDE_0073,0.072992700729927,0.0802919708029197,0.0291970802919708,0.0510948905109489,0.0218978102189781,0.0875912408759124,0.0437956204379562,0.0656934306569343,0.0364963503649635,0.0437956204379562,0.116788321167883,0.0291970802919708,0.0437956204379562,0.0510948905109489,0.0510948905109489,0.0364963503649635,0.0656934306569343,0.0218978102189781,0.0218978102189781,0.0291970802919708
DDE_0074,0.134057971014493,0.072463768115942,0.0289855072463768,0.0760869565217391,0.0217391304347826,0.0471014492753623,0.036231884057971,0.0688405797101449,0.0398550724637681,0.036231884057971,0.101449275362319,0.0253623188405797,0.0181159420289855,0.0398550724637681,0.0797101449275362,0.0253623188405797,0.0434782608695652,0.0217391304347826,0.0181159420289855,0.0652173913043478
DDE_0075,0.119533527696793,0.0728862973760933,0.0233236151603499,0.043731778425656,0.0174927113702624,0.0495626822157434,0.0466472303206997,0.0816326530612245,0.0349854227405248,0.0262390670553936,0.0962099125364431,0.0174927113702624,0.0233236151603499,0.0349854227405248,0.0845481049562682,0.0408163265306122,0.0495626822157434,0.0379008746355685,0.0174927113702624,0.0816326530612245
DDE_0076,0.146478873239437,0.0704225352112676,0.0309859154929577,0.0591549295774648,0.0197183098591549,0.0591549295774648,0.0338028169014084,0.076056338028169,0.028169014084507,0.0647887323943662,0.076056338028169,0.0253521126760563,0.0197183098591549,0.0140845070422535,0.0507042253521127,0.0253521126760563,0.076056338028169,0.0112676056338028,0.0338028169014084,0.0788732394366197
DDE_0077,0.150851581508516,0.072992700729927,0.0194647201946472,0.0462287104622871,0.0072992700729927,0.0364963503649635,0.0121654501216545,0.0924574209245742,0.0097323600973236,0.0145985401459854,0.148418491484185,0.0340632603406326,0.0267639902676399,0.0535279805352798,0.0389294403892944,0.0437956204379562,0.0413625304136253,0.0170316301703163,0.024330900243309,0.109489051094891
DDE_0079,0.120418848167539,0.06282722513089,0.031413612565445,0.049738219895288,0.0130890052356021,0.0732984293193717,0.0261780104712042,0.104712041884817,0.0235602094240838,0.0445026178010471,0.104712041884817,0.0366492146596859,0.0392670157068063,0.031413612565445,0.0445026178010471,0.0471204188481675,0.0445026178010471,0.00261780104712042,0.0392670157068063,0.0602094240837696
DDE_0081,0.0736342042755344,0.0356294536817102,0.0166270783847981,0.0570071258907363,0.0403800475059382,0.0665083135391924,0.0237529691211401,0.0997624703087886,0.0190023752969121,0.0617577197149644,0.0522565320665083,0.0688836104513064,0.0451306413301663,0.0403800475059382,0.0593824228028504,0.0546318289786223,0.0641330166270784,0.0166270783847981,0.0332541567695962,0.0712589073634204
DDE_0082,0.121951219512195,0.0650406504065041,0.032520325203252,0.040650406504065,0.016260162601626,0.0487804878048781,0.0650406504065041,0.0650406504065041,0.040650406504065,0.0569105691056911,0.0487804878048781,0.0731707317073171,0.040650406504065,0.0487804878048781,0.040650406504065,0.040650406504065,0.040650406504065,0.016260162601626,0.0487804878048781,0.0487804878048781
DDE_0084,0.142857142857143,0.0909090909090909,0.012987012987013,0.051948051948052,0.0324675324675325,0.0649350649350649,0.025974025974026,0.0909090909090909,0.0324675324675325,0.038961038961039,0.123376623376623,0.025974025974026,0.0194805194805195,0.0194805194805195,0.0779220779220779,0.025974025974026,0.025974025974026,0.012987012987013,0.00649350649350649,0.0779220779220779
DDE_0085,0.134770889487871,0.0619946091644205,0.0188679245283019,0.0107816711590297,0.0161725067385445,0.0161725067385445,0.0269541778975741,0.0700808625336927,0.0350404312668464,0.0377358490566038,0.172506738544474,0.0188679245283019,0.0242587601078167,0.0485175202156334,0.078167115902965,0.0485175202156334,0.0485175202156334,0.0107816711590297,0.045822102425876,0.0754716981132075
DDE_0086,0.100917431192661,0.0504587155963303,0.0275229357798165,0.0596330275229358,0.0137614678899083,0.0871559633027523,0.0458715596330275,0.055045871559633,0.0412844036697248,0.0504587155963303,0.073394495412844,0.0596330275229358,0.018348623853211,0.0504587155963303,0.036697247706422,0.055045871559633,0.0779816513761468,0.0137614678899083,0.0229357798165138,0.0596330275229358
DDE_0087,0.146179401993355,0.0863787375415282,0.0132890365448505,0.0465116279069767,0.0199335548172757,0.0564784053156146,0.0365448504983389,0.0697674418604651,0.0299003322259136,0.0431893687707641,0.142857142857143,0.00996677740863787,0.0232558139534884,0.0398671096345515,0.0564784053156146,0.0431893687707641,0.0631229235880399,0.00664451827242525,0.0132890365448505,0.053156146179402
DDE_0088,0.129411764705882,0.0588235294117647,0.0352941176470588,0.0529411764705882,0.0176470588235294,0.0294117647058824,0.0352941176470588,0.1,0.0117647058823529,0.0529411764705882,0.0529411764705882,0.0176470588235294,0.0352941176470588,0.0470588235294118,0.0352941176470588,0.0588235294117647,0.0764705882352941,0.0176470588235294,0.0235294117647059,0.111764705882353
DDE_0089,0.142857142857143,0.0733590733590734,0.0154440154440154,0.0579150579150579,0.0231660231660232,0.0424710424710425,0.0463320463320463,0.0849420849420849,0.0154440154440154,0.0579150579150579,0.0926640926640927,0.0231660231660232,0.0424710424710425,0.0308880308880309,0.0463320463320463,0.0386100386100386,0.0772200772200772,0.00386100386100386,0.0115830115830116,0.0733590733590734
DDE_0090,0.107981220657277,0.0539906103286385,0.0258215962441315,0.0563380281690141,0.028169014084507,0.0845070422535211,0.0422535211267606,0.0633802816901408,0.0211267605633803,0.0539906103286385,0.0938967136150235,0.0539906103286385,0.0352112676056338,0.0352112676056338,0.0446009389671361,0.0469483568075117,0.0539906103286385,0.00469483568075117,0.028169014084507,0.0657276995305164
DDE_0092,0.161739130434783,0.0678260869565217,0.0191304347826087,0.0504347826086957,0.0191304347826087,0.0521739130434783,0.0330434782608696,0.109565217391304,0.0208695652173913,0.0243478260869565,0.0991304347826087,0.0104347826086957,0.031304347826087,0.0260869565217391,0.0434782608695652,0.0417391304347826,0.0608695652173913,0.00521739130434783,0.0173913043478261,0.106086956521739
DDE_0093,0.105263157894737,0.105263157894737,0.0175438596491228,0.043859649122807,0.0087719298245614,0.131578947368421,0.0263157894736842,0.0614035087719298,0.0175438596491228,0.0175438596491228,0.0614035087719298,0.0175438596491228,0.0175438596491228,0.0614035087719298,0.0526315789473684,0.0263157894736842,0.0526315789473684,0.0263157894736842,0.0526315789473684,0.0964912280701754
DDE_0095,0.138461538461538,0.0769230769230769,0.0307692307692308,0.0461538461538462,0.0153846153846154,0.0461538461538462,0.041025641025641,0.107692307692308,0.0461538461538462,0.0102564102564103,0.128205128205128,0.0153846153846154,0.0153846153846154,0.0358974358974359,0.0358974358974359,0.0256410256410256,0.0717948717948718,0.0153846153846154,0.0205128205128205,0.0769230769230769
DDE_0096,0.075,0.0875,0.025,0.1375,0.025,0.075,0.025,0.025,0.025,0.1,0.075,0.075,0.025,0.05,0.05,0.025,0.025,0.0125,0.0125,0.05
DDE_0097,0.129682997118156,0.0634005763688761,0.0144092219020173,0.0345821325648415,0.0201729106628242,0.0518731988472622,0.0432276657060519,0.069164265129683,0.0345821325648415,0.037463976945245,0.115273775216138,0.0288184438040346,0.0489913544668588,0.0576368876080692,0.0201729106628242,0.0432276657060519,0.0518731988472622,0.0115273775216138,0.0461095100864553,0.0778097982708934
DDE_0098,0.1,0.0785714285714286,0.0357142857142857,0.05,0.0214285714285714,0.0785714285714286,0.0214285714285714,0.0571428571428571,0.0214285714285714,0.0642857142857143,0.142857142857143,0.0428571428571429,0.0142857142857143,0.0142857142857143,0.0428571428571429,0.0714285714285714,0.0285714285714286,0,0.0142857142857143,0.1
DDE_0099,0.0997830802603037,0.06941431670282,0.0260303687635575,0.0629067245119306,0.0151843817787419,0.0889370932754881,0.0238611713665944,0.0737527114967462,0.0260303687635575,0.0433839479392625,0.0867678958785249,0.0498915401301518,0.0281995661605206,0.0607375271149675,0.0455531453362256,0.0455531453362256,0.0542299349240781,0.0130151843817787,0.0281995661605206,0.0585683297180043
DDE_0102,0.104683195592287,0.0537190082644628,0.0440771349862259,0.0482093663911846,0.00964187327823691,0.0716253443526171,0.0371900826446281,0.068870523415978,0.0261707988980716,0.0371900826446281,0.0950413223140496,0.0482093663911846,0.0289256198347107,0.0523415977961433,0.0495867768595041,0.059228650137741,0.0619834710743802,0.0068870523415978,0.0303030303030303,0.0661157024793388
DDE_0104,0.0935412026726058,0.0556792873051225,0.044543429844098,0.0623608017817372,0.0133630289532294,0.0757238307349666,0.022271714922049,0.066815144766147,0.0289532293986637,0.0534521158129176,0.0779510022271715,0.0467706013363029,0.0311804008908686,0.0534521158129176,0.0601336302895323,0.0556792873051225,0.0311804008908686,0.0111358574610245,0.0489977728285078,0.066815144766147
DDE_0106,0.0977242302543507,0.0629183400267738,0.0254350736278447,0.0575635876840696,0.0254350736278447,0.0803212851405622,0.0428380187416332,0.0589022757697456,0.0107095046854083,0.0535475234270415,0.0736278447121821,0.0749665327978581,0.0214190093708166,0.0374832663989291,0.0562248995983936,0.0602409638554217,0.0602409638554217,0.0107095046854083,0.0294511378848728,0.0602409638554217
DDE_0107,0.16030534351145,0.0534351145038168,0.0229007633587786,0.0305343511450382,0.00763358778625954,0.0572519083969466,0.049618320610687,0.083969465648855,0.0267175572519084,0.0534351145038168,0.0648854961832061,0.0610687022900763,0.0267175572519084,0.0305343511450382,0.0458015267175573,0.0458015267175573,0.049618320610687,0.0114503816793893,0.0419847328244275,0.0763358778625954
DDE_0108,0.150121065375303,0.0823244552058111,0.0290556900726392,0.0411622276029056,0,0.0484261501210654,0.0508474576271186,0.128329297820823,0.00726392251815981,0.026634382566586,0.099273607748184,0.0169491525423729,0.0193704600484262,0.0338983050847458,0.0460048426150121,0.0871670702179177,0.0581113801452785,0.00968523002421308,0.0169491525423729,0.0484261501210654
DDE_0109,0.122317596566524,0.0944206008583691,0.036480686695279,0.0665236051502146,0.00643776824034335,0.0793991416309013,0.0214592274678112,0.0643776824034335,0.01931330472103,0.0493562231759657,0.113733905579399,0.0321888412017167,0.0300429184549356,0.01931330472103,0.036480686695279,0.0493562231759657,0.0686695278969957,0.00429184549356223,0.0236051502145923,0.0622317596566524
DDE_0110,0.103040540540541,0.0793918918918919,0.0320945945945946,0.0591216216216216,0.00675675675675676,0.0591216216216216,0.0371621621621622,0.0844594594594595,0.027027027027027,0.0523648648648649,0.109797297297297,0.027027027027027,0.027027027027027,0.0337837837837838,0.0506756756756757,0.0675675675675676,0.0489864864864865,0.00844594594594595,0.0101351351351351,0.0760135135135135
DDE_0111,0.133720930232558,0.0523255813953488,0.0232558139534884,0.0348837209302326,0.00581395348837209,0.0348837209302326,0.0348837209302326,0.203488372093023,0.0406976744186047,0.0348837209302326,0.0755813953488372,0.0523255813953488,0.0406976744186047,0.0348837209302326,0.0406976744186047,0.0290697674418605,0.0406976744186047,0,0.0465116279069767,0.0406976744186047
DDE_0113,0.0859060402684564,0.0630872483221477,0.0335570469798658,0.051006711409396,0.0201342281879195,0.0805369127516778,0.0389261744966443,0.0885906040268456,0.0174496644295302,0.051006711409396,0.0845637583892618,0.0523489932885906,0.0241610738255034,0.0416107382550336,0.051006711409396,0.0577181208053691,0.0483221476510067,0.010738255033557,0.0268456375838926,0.0724832214765101
DDE_0114,0.0978723404255319,0.102127659574468,0.0425531914893617,0.0468085106382979,0.0127659574468085,0.0553191489361702,0.0382978723404255,0.0808510638297872,0.0297872340425532,0.0382978723404255,0.131914893617021,0.025531914893617,0.0127659574468085,0.0425531914893617,0.0425531914893617,0.0425531914893617,0.0382978723404255,0.0127659574468085,0.0212765957446809,0.0851063829787234
DDE_0115,0.0821917808219178,0.0479452054794521,0.023972602739726,0.0342465753424658,0.00342465753424658,0.0342465753424658,0.0308219178082192,0.089041095890411,0.0171232876712329,0.0445205479452055,0.133561643835616,0.0273972602739726,0.0445205479452055,0.0410958904109589,0.0513698630136986,0.0616438356164384,0.0582191780821918,0.0376712328767123,0.0171232876712329,0.11986301369863
DDE_0116,0.133333333333333,0.0684684684684685,0.027027027027027,0.0468468468468468,0.0144144144144144,0.0702702702702703,0.0144144144144144,0.102702702702703,0.0252252252252252,0.0612612612612613,0.0864864864864865,0.036036036036036,0.0504504504504504,0.0216216216216216,0.0576576576576577,0.0504504504504504,0.0504504504504504,0,0.0108108108108108,0.0720720720720721
DDE_0119,0.106796116504854,0.0809061488673139,0.0388349514563107,0.0420711974110032,0.00970873786407767,0.0776699029126214,0.0226537216828479,0.0970873786407767,0.0226537216828479,0.0355987055016181,0.119741100323625,0.0258899676375405,0.0258899676375405,0.058252427184466,0.0517799352750809,0.0388349514563107,0.0550161812297735,0.00970873786407767,0.0161812297734628,0.0647249190938511
DDE_0120,0.123493975903614,0.0873493975903614,0.0180722891566265,0.0391566265060241,0.0271084337349398,0.0331325301204819,0.0481927710843374,0.0873493975903614,0.0301204819277108,0.0391566265060241,0.108433734939759,0.036144578313253,0.0120481927710843,0.0301204819277108,0.0993975903614458,0.0301204819277108,0.0572289156626506,0.00903614457831325,0.0120481927710843,0.072289156626506
DDE_0121,0.0896057347670251,0.0609318996415771,0.0519713261648745,0.0681003584229391,0.0017921146953405,0.0483870967741935,0.0448028673835125,0.0716845878136201,0.017921146953405,0.0412186379928315,0.102150537634409,0.03584229390681,0.0376344086021505,0.0304659498207885,0.0573476702508961,0.0555555555555556,0.0483870967741935,0.00896057347670251,0.03584229390681,0.0913978494623656
DDE_0122,0.102564102564103,0.0745920745920746,0.027972027972028,0.0396270396270396,0.020979020979021,0.0652680652680653,0.0512820512820513,0.0932400932400932,0.00699300699300699,0.0233100233100233,0.123543123543124,0.0233100233100233,0.0256410256410256,0.0372960372960373,0.0979020979020979,0.0675990675990676,0.027972027972028,0.0163170163170163,0.0186480186480186,0.0559440559440559
DDE_0123,0.132295719844358,0.066147859922179,0.00778210116731518,0.0583657587548638,0.0155642023346304,0.0505836575875486,0.0350194552529183,0.101167315175097,0.0194552529182879,0.0311284046692607,0.0933852140077821,0.0311284046692607,0.0389105058365759,0.0155642023346304,0.0700389105058366,0.0544747081712062,0.0466926070038911,0.0194552529182879,0.0350194552529183,0.0778210116731518
DDE_0124,0.109195402298851,0.0862068965517241,0.0114942528735632,0.0229885057471264,0.028735632183908,0.0114942528735632,0.0459770114942529,0.120689655172414,0.028735632183908,0.028735632183908,0.103448275862069,0.0114942528735632,0.028735632183908,0.0172413793103448,0.0632183908045977,0.0689655172413793,0.0574712643678161,0.0229885057471264,0.0229885057471264,0.109195402298851
DDE_0125,0.147368421052632,0.0631578947368421,0.0421052631578947,0.0421052631578947,0.0105263157894737,0.0736842105263158,0.0421052631578947,0.0631578947368421,0,0.0210526315789474,0.0631578947368421,0.0842105263157895,0.0210526315789474,0.0526315789473684,0.0631578947368421,0.0315789473684211,0.0526315789473684,0,0.0105263157894737,0.115789473684211
DDE_0126,0.147619047619048,0.0761904761904762,0.00952380952380952,0.0285714285714286,0.00952380952380952,0.1,0.0619047619047619,0.0476190476190476,0.0380952380952381,0.0380952380952381,0.114285714285714,0.0428571428571429,0.0333333333333333,0.0238095238095238,0.0476190476190476,0.0571428571428571,0.0523809523809524,0.00476190476190476,0.0238095238095238,0.0428571428571429
DDE_0127,0.14540059347181,0.0593471810089021,0.0178041543026706,0.0504451038575668,0.00593471810089021,0.056379821958457,0.0267062314540059,0.103857566765579,0.0415430267062315,0.0623145400593472,0.0801186943620178,0.0207715133531157,0.0385756676557863,0.0267062314540059,0.0504451038575668,0.0356083086053412,0.0593471810089021,0.0029673590504451,0.0267062314540059,0.0890207715133531
DDE_0128,0.147540983606557,0.0772833723653396,0.0140515222482436,0.053864168618267,0.00234192037470726,0.053864168618267,0.0491803278688525,0.100702576112412,0.0187353629976581,0.0351288056206089,0.121779859484778,0.0210772833723653,0.0187353629976581,0.0140515222482436,0.0491803278688525,0.053864168618267,0.0585480093676815,0.00702576112412178,0.0117096018735363,0.0913348946135831
DDE_0129,0.111455108359133,0.0278637770897833,0.0402476780185759,0.021671826625387,0.0123839009287926,0.0123839009287926,0.0371517027863777,0.123839009287926,0.00928792569659443,0.0773993808049536,0.130030959752322,0.0247678018575851,0.0247678018575851,0.0681114551083591,0.0526315789473684,0.0371517027863777,0.0773993808049536,0.00928792569659443,0.021671826625387,0.0804953560371517
DDE_0130,0.115830115830116,0.0849420849420849,0.0231660231660232,0.0386100386100386,0.0154440154440154,0.0656370656370656,0.0231660231660232,0.0888030888030888,0.0193050193050193,0.0540540540540541,0.111969111969112,0.0308880308880309,0.0347490347490347,0.0386100386100386,0.0231660231660232,0.0733590733590734,0.0733590733590734,0.00772200772200772,0.0115830115830116,0.0656370656370656
DDE_0132,0.169154228855721,0.0348258706467662,0.00995024875621891,0.0223880597014925,0.027363184079602,0.0298507462686567,0.0124378109452736,0.104477611940299,0.0323383084577114,0.0447761194029851,0.116915422885572,0.0174129353233831,0.0298507462686567,0.0373134328358209,0.0572139303482587,0.0746268656716418,0.0472636815920398,0.00995024875621891,0.0248756218905473,0.0970149253731343
DDE_0133,0.100558659217877,0.0502793296089385,0.0446927374301676,0.0782122905027933,0.00558659217877095,0.106145251396648,0.0446927374301676,0.0782122905027933,0.0279329608938547,0.0726256983240224,0.0726256983240224,0.0502793296089385,0.0391061452513966,0.0335195530726257,0.0223463687150838,0.0391061452513966,0.0558659217877095,0,0.0446927374301676,0.0335195530726257
DDE_0136,0.128070175438597,0.0473684210526316,0.0403508771929825,0.0631578947368421,0.0105263157894737,0.0596491228070175,0.0140350877192982,0.0929824561403509,0.0456140350877193,0.0456140350877193,0.110526315789474,0.0280701754385965,0.0385964912280702,0.0263157894736842,0.0456140350877193,0.0508771929824561,0.0421052631578947,0.00175438596491228,0.0175438596491228,0.0912280701754386
DDE_0137,0.12621359223301,0.0453074433656958,0.0226537216828479,0.0161812297734628,0.00970873786407767,0.0258899676375405,0.0129449838187702,0.12621359223301,0.00970873786407767,0.0647249190938511,0.142394822006472,0.0258899676375405,0.0420711974110032,0.058252427184466,0.0323624595469256,0.0388349514563107,0.0517799352750809,0.0194174757281553,0.0355987055016181,0.0938511326860841
DDE_0138,0.161111111111111,0.0472222222222222,0.0194444444444444,0.0111111111111111,0.0138888888888889,0.0277777777777778,0.025,0.119444444444444,0.0166666666666667,0.0611111111111111,0.155555555555556,0.0111111111111111,0.0388888888888889,0.0416666666666667,0.0527777777777778,0.0388888888888889,0.05,0.0194444444444444,0.0305555555555556,0.0583333333333333
DDE_0139,0.131372549019608,0.092156862745098,0.0215686274509804,0.0549019607843137,0.00588235294117647,0.0568627450980392,0.0313725490196078,0.092156862745098,0.0235294117647059,0.0509803921568627,0.1,0.0274509803921569,0.0352941176470588,0.0333333333333333,0.0411764705882353,0.0549019607843137,0.0509803921568627,0.00588235294117647,0.0117647058823529,0.0784313725490196
DDE_0140,0.0976744186046512,0.0697674418604651,0.0186046511627907,0.0511627906976744,0.00465116279069767,0.0790697674418605,0.0372093023255814,0.0883720930232558,0.00465116279069767,0.0465116279069767,0.134883720930233,0.0418604651162791,0.0325581395348837,0.0186046511627907,0.0604651162790698,0.0418604651162791,0.027906976744186,0.00465116279069767,0.0232558139534884,0.116279069767442
